                     B1I      B1C(d)      B1C(p)           -      B2a(D)      B2a(P)           -       B2b-I       B2b-Q           -                       -         B3I           -           -           -
         C19       3.689       3.332       3.485       0.000      -1.734      -0.952       0.000      -0.663      -0.204       0.000       0.000       0.000       0.000       0.000       0.000       0.000
         C20       6.919       6.817       6.936       0.000      -1.666      -0.918       0.000      -0.527      -0.119       0.000       0.000       0.000       0.000       0.000       0.000       0.000
         C21       4.335       5.253       5.304       0.000      -2.142      -1.122       0.000      -0.816      -0.595       0.000       0.000       0.000       0.000       0.000       0.000       0.000
         C22       4.828       5.882       5.882       0.000      -3.315      -2.533       0.000      -1.955      -1.462       0.000       0.000       0.000       0.000       0.000       0.000       0.000
         C23       7.565       7.480       7.701       0.000      -2.635      -1.870       0.000      -1.683      -1.190       0.000       0.000       0.000       0.000       0.000       0.000       0.000
         C24       2.193       3.417       3.366       0.000      -5.406      -4.641       0.000      -4.352      -3.876       0.000       0.000       0.000       0.000       0.000       0.000       0.000
         C25       0.340       0.476       0.561       0.000      -5.916      -5.151       0.000      -4.675      -4.165       0.000       0.000       0.000       0.000       0.000       0.000       0.000
         C26      -1.343      -0.051      -0.017       0.000      -5.899      -5.117       0.000      -4.675      -4.148       0.000       0.000       0.000       0.000       0.000       0.000       0.000
         C27      -1.309      -0.527      -0.510       0.000      -5.746      -4.998       0.000      -4.590      -4.097       0.000       0.000       0.000       0.000       0.000       0.000       0.000
         C28      -1.088      -0.884      -0.714       0.000      -5.763      -5.015       0.000      -4.216      -3.740       0.000       0.000       0.000       0.000       0.000       0.000       0.000
         C29       0.017       1.088       1.139       0.000      -5.848      -5.083       0.000      -5.219      -4.726       0.000       0.000       0.000       0.000       0.000       0.000       0.000
         C30      -2.873      -2.329      -2.176       0.000      -5.984      -5.219       0.000      -4.709      -4.199       0.000       0.000       0.000       0.000       0.000       0.000       0.000
         C32      -2.720      -1.547      -1.462       0.000      -3.162      -2.397       0.000      -2.312      -1.870       0.000       0.000       0.000       0.000       0.000       0.000       0.000
         C33     -12.733     -12.359     -12.138       0.000       7.990       8.738       0.000       9.129       9.554       0.000       0.000       0.000       0.000       0.000       0.000       0.000
         C34      -1.768      -0.986      -0.901       0.000      -5.729      -4.930       0.000      -4.556      -4.063       0.000       0.000       0.000       0.000       0.000       0.000       0.000
         C35      -0.697      -0.187      -0.136       0.000      -5.185      -4.437       0.000      -3.944      -3.451       0.000       0.000       0.000       0.000       0.000       0.000       0.000
         C36      -5.457      -4.811      -4.794       0.000      -2.890      -2.125       0.000      -1.972      -1.530       0.000       0.000       0.000       0.000       0.000       0.000       0.000
         C37      -3.893      -2.703      -2.669       0.000      -4.097      -3.332       0.000      -2.754      -2.278       0.000       0.000       0.000       0.000       0.000       0.000       0.000
         C38       1.598       2.125       2.363       0.000      -4.641      -3.859       0.000      -3.587      -3.111       0.000       0.000       0.000       0.000       0.000       0.000       0.000
         C39       1.343       2.227       2.329       0.000      -5.049      -4.284       0.000      -3.740      -3.298       0.000       0.000       0.000       0.000       0.000       0.000       0.000
         C40       0.493       0.646       0.765       0.000      -5.168      -4.386       0.000      -3.825      -3.349       0.000       0.000       0.000       0.000       0.000       0.000       0.000
         C41      -6.970      -5.967      -5.967       0.000      -1.224      -0.442       0.000       0.102       0.544       0.000       0.000       0.000       0.000       0.000       0.000       0.000
         C42      -9.537      -8.143      -8.041       0.000      -3.298      -2.516       0.000      -2.040      -1.564       0.000       0.000       0.000       0.000       0.000       0.000       0.000
         C43      -0.952      -0.544      -0.425       0.000      -4.216      -3.468       0.000      -3.400      -2.890       0.000       0.000       0.000       0.000       0.000       0.000       0.000
         C44      -0.340      -0.663      -0.612       0.000      -4.403      -3.655       0.000      -3.604      -3.111       0.000       0.000       0.000       0.000       0.000       0.000       0.000
         C45      -8.075      -6.103      -6.001       0.000      -5.576      -4.828       0.000      -4.556      -4.114       0.000       0.000       0.000       0.000       0.000       0.000       0.000
         C46      -6.256      -4.675      -4.471       0.000      -6.443      -5.729       0.000      -5.423      -4.947       0.000       0.000       0.000       0.000       0.000       0.000       0.000
